image: dawes_basement.pgm
resolution: 0.050000
origin: [-5.163415, -4.683451, 0.000000]
negate: 0
occupied_thresh: 0.65
free_thresh: 0.196

